# Created by Octave 4.2.0, Mon Jun 05 12:38:38 2017 GMT <unknown@unknown>
# name: Alice
# type: matrix
# rows: 191
# columns: 3
 0 492.5 -390
 0.06666666667 493.148949 -389.5750088
 0.1333333333 497.4083011 -385.9591957
 0.2 501.0850066 -383.8050217
 0.2666666667 502.6771364 -388.0012031
 0.3333333333 503.6578319 -385.8854989
 0.4 505.3753639 -388.2153095
 0.4666666667 507.4590854 -387.6448755
 0.5333333333 513.859253 -384.3883364
 0.6 520.5133181 -384.7797558
 0.6666666667 523.1990625 -382.3222196
 0.7333333332999999 524.7092569 -380.5099824
 0.8 528.5723599 -380.3389526
 0.8666666667 529.8694815 -378.3497688
 0.9333333333 533.3933935 -376.0289349
 1 536.7150626 -371.1329775
 1.066666667 538.2276021 -369.9391915
 1.133333333 539.9953528 -364.2098584
 1.2 539.8002402 -362.4821412
 1.266666667 541.842986 -361.6595041
 1.333333333 539.7594286999999 -364.7367947
 1.4 543.6503913 -362.935966
 1.466666667 541.6111966 -362.6395748
 1.533333333 545.4901575 -356.6348139
 1.6 547.1747827 -354.0088816
 1.666666667 547.5895928 -350.354898
 1.733333333 551.85417 -351.481421
 1.8 553.4553429 -351.7486008
 1.866666667 553.4658897 -350.2045705
 1.933333333 557.0612515 -351.7888347
 2 557.993336 -355.5471051
 2.066666667 555.3852372 -354.2032313
 2.133333333 560.5365508 -348.3090408
 2.2 569.4369367 -346.3780683
 2.266666667 573.8084925000001 -344.0478727
 2.333333333 581.8339221 -340.1314142
 2.4 583.6517799 -339.1795204
 2.466666667 581.8326161 -335.0830452
 2.533333333 585.2708038 -331.0657554
 2.6 587.2566727 -328.7261625
 2.666666667 588.021939 -329.7526511
 2.733333333 585.4046282 -324.735788
 2.8 581.6451769 -321.3986338
 2.866666667 581.4489864 -318.1356804
 2.933333333 584.6852698 -317.5743752
 3 579.0637345 -315.2823795
 3.066666667 572.9784523 -310.9803139
 3.133333333 575.0837669 -309.968981
 3.2 574.9942923999999 -308.7176932
 3.266666667 576.9696097999999 -307.5411292
 3.333333333 580.5734255 -306.0921321
 3.4 581.1495848 -299.7589119
 3.466666667 583.7688029 -294.201849
 3.533333333 583.3817524999999 -290.5390898
 3.6 580.5808507 -289.9358006
 3.666666667 577.3637727 -284.1895954
 3.733333333 579.5948214 -283.5992181
 3.8 575.8627188 -277.0895463
 3.866666667 575.1205019 -276.0899182
 3.933333333 573.2119911 -273.8457633
 4 579.7801459 -271.7618239
 4.066666667 585.1942203999999 -262.3674992
 4.133333333 583.6251098 -257.5361651
 4.2 581.6714157 -252.1497748
 4.266666667 584.4419665 -244.0344402
 4.333333333 581.1267918 -233.533041
 4.4 583.1134519 -228.0267142
 4.466666667 585.0342499 -223.5231513
 4.533333333 592.1707403 -221.5022943
 4.6 590.701336 -222.0721577
 4.666666667 584.285221 -221.7970639
 4.733333333 585.8200045 -219.4354084
 4.8 587.7260273000001 -215.4205029
 4.866666667 590.3244539999999 -209.0232664
 4.933333333 591.2914502 -203.0852211
 5 591.6540093999999 -199.6901226
 5.066666667 593.4155125 -199.9334206
 5.133333333 592.3579268 -197.1079213
 5.2 594.7101805 -192.5858302
 5.266666667 598.3442848 -188.0823566
 5.333333333 597.3479536 -183.9570091
 5.4 597.5556067 -177.5697071
 5.466666667 599.2657964 -173.6040207
 5.533333333 601.1997337 -167.54683
 5.6 600.4952974 -161.9822965
 5.666666667 601.0128996 -161.3582364
 5.733333333 604.4336828 -161.4759561
 5.8 607.0853116 -155.5605981
 5.866666667 605.2851568999999 -153.199476
 5.933333333 606.602168 -149.6384106
 6 606.5834575 -147.9753761
 6.066666667 604.495066 -146.0929132
 6.133333333 604.6525229 -139.9569765
 6.2 604.0655153 -137.8025016
 6.266666667 604.0625033 -139.8835722
 6.333333333 604.8044721 -138.1676932
 6.4 608.1970156 -131.7547339
 6.466666667 609.0175303 -126.5959176
 6.533333333 610.3636749999999 -124.1418966
 6.6 611.4494971 -122.470442
 6.666666667 614.1075042 -118.3692491
 6.733333333 616.4046177 -114.7575189
 6.8 616.2301558 -114.3746511
 6.866666667 614.6978726999999 -109.0583533
 6.933333333 617.5150036 -99.85955953
 7 620.817302 -95.51372806000001
 7.066666667 626.1570528 -89.93011534999999
 7.133333333 626.5897103 -85.54608326
 7.2 629.6876751999999 -86.04667839
 7.266666667 630.4083816 -88.81828208
 7.333333333 632.1048127 -87.10305609
 7.4 632.8178621 -85.07873205999999
 7.466666667 633.5052205 -78.95552708
 7.533333333 629.2249313 -72.38925351
 7.6 634.3410031 -67.37278444
 7.666666667 639.5655596 -62.92889179
 7.733333333 640.2828177 -56.5175077
 7.8 640.73334 -51.11773183
 7.866666667 637.8147543 -48.42370912
 7.933333333 634.5953351000001 -44.61596253
 8 634.8037415 -38.84528534
 8.066666667 630.8133799 -41.30678743
 8.133333332999999 634.1030297 -40.95096899
 8.199999999999999 637.9878004 -37.81456775
 8.266666667000001 636.6486125 -38.70811992
 8.333333333000001 638.5568726 -33.24601847
 8.4 641.0834141 -28.17140046
 8.466666667 643.546681 -24.85924686
 8.533333333 644.75578 -23.05654104
 8.6 641.3666782 -17.25518951
 8.666666666999999 643.6545949 -14.70870123
 8.733333332999999 649.9763713999999 -9.417970605000001
 8.800000000000001 651.6651821 -5.501767706
 8.866666667000001 649.3174034 0.6564252006
 8.933333333 647.841424 2.696786595
 9 647.6791944 4.732519711
 9.066666667 649.8040832 5.18746722
 9.133333332999999 654.6203649 7.243544771
 9.199999999999999 657.830765 10.56440883
 9.266666667000001 658.6134969 14.93888559
 9.333333333000001 661.1392924 21.05077335
 9.4 662.4783619999999 25.13950887
 9.466666667 664 42.5
 9.533333333 664.1081457 46.2612603
 9.6 663.9092549 56.12392679
 9.666666666999999 671.5 64
 9.733333332999999 675.2430450000001 70.50557523000001
 9.800000000000001 672.0390877999999 79.26519813
 9.866666667000001 676.6049127 86.61710161000001
 9.933333333 677.3000808 90.69744498999999
 10 678.9031206 94.70683037000001
 10.06666667 682.2618527 99.15789775
 10.13333333 681.9936048 104.6215995
 10.2 675.5855607 106.6591964
 10.26666667 677.0018540999999 110.832648
 10.33333333 679.2652795 116.9926703
 10.4 676.3038508 116.8106093
 10.46666667 675.6721722 119.2139655
 10.53333333 677.2612955 125.3047965
 10.6 679.0136087 132.6818658
 10.66666667 681.6151341 134.9552591
 10.73333333 681.2494312 136.9708526
 10.8 684.7479704 139.0675233
 10.86666667 681.9336861 139.2017738
 10.93333333 683.54743 141.29378
 11 688.9293405 143.160177
 11.06666667 695.5698581 144.5204784
 11.13333333 697.3068707 151.0813819
 11.2 699.976694 161.2157823
 11.26666667 699.5202867 163.1868392
 11.33333333 698.3676547 166.9156444
 11.4 699.8018044 167.0973841
 11.46666667 698.4808319 169.485087
 11.53333333 700.6225689 171.1085077
 11.6 702.8118597 169.8183823
 11.66666667 702.0400253 171.8513862
 11.73333333 702.7208654 179.1869962
 11.8 704.7171071 185.8363606
 11.86666667 707.7879739 191.4812583
 11.93333333 708.965246 190.9962955
 12 710.7687816 194.7309029
 12.06666667 709.5629484999999 200.4742848
 12.13333333 711.1395666 204.201076
 12.2 712.3273253 208.6540461
 12.26666667 716.7888861 211.8840537
 12.33333333 716.4644935 212.158123
 12.4 715.7996236 216.098863
 12.46666667 715.6738664 218.107584
 12.53333333 718.3422561 223.569247
 12.6 722.0428231 225.3643502
 12.66666667 722.9282594 227.6


