# Created by Octave 4.2.0, Mon Jun 05 20:20:11 2017 GMT <unknown@unknown>
# name: Alicia
# type: matrix
# rows: 492
# columns: 3
 9.333333333000001 660.5 -482.5
 9.4 662.2922984 -478.679359
 9.466666667 658.8050928 -478.4011847
 9.533333333 655.2184134 -478.236154
 9.6 652.6125446999999 -477.5425547
 9.666666666999999 646.948503 -474.3168116
 9.733333332999999 644.9091971 -471.6693803
 9.800000000000001 646.2108898 -472.6992454
 9.866666667000001 646.9608405 -471.0363922
 9.933333333 648.6019065 -469.8623094
 10 646.1701507 -472.0863541
 10.06666667 643.0522721999999 -475.1525288
 10.13333333 643.7797498 -478.0985259
 10.2 640.6066778000001 -474.3128014
 10.26666667 638.1401088 -467.4561791
 10.33333333 634.4981901 -465.5175739
 10.4 630.4413005 -464.5420292
 10.46666667 625.6071495 -464.5164061
 10.53333333 621.3757223 -464.8397383
 10.6 615.6986306 -463.4871086
 10.66666667 608.1756541 -462.7115075
 10.73333333 610.3912864 -456.9922844
 10.8 613.4426384 -454.8374605
 10.86666667 611.4958784 -451.2094786
 10.93333333 608.1536986999999 -452.8769174
 11 606.9690416 -452.3640866
 11.06666667 600.5867055 -456.8577424
 11.13333333 594.8126008 -456.3679473
 11.2 596.0494785 -452.3529173
 11.26666667 598.4322377 -448.7436682
 11.33333333 598.1192704 -448.4872797
 11.4 596.6243246 -446.5501078
 11.46666667 596.765143 -444.5062804
 11.53333333 596.7800555 -442.7817251
 11.6 596.6065874 -440.809599
 11.66666667 600.1117551999999 -438.648173
 11.73333333 601.3961475999999 -440.2004483
 11.8 600.5944859 -442.6984801
 11.86666667 596.7651722000001 -444.6980616
 11.93333333 592.9155768000001 -444.3952524
 12 592.7146718 -442.9156859
 12.06666667 593.1067246 -442.7797113
 12.13333333 593.9542044999999 -439.3497379
 12.2 593.4507311 -439.7886361
 12.26666667 591.2902577 -443.6903096
 12.33333333 587.8189621 -441.5592467
 12.4 589.2021457 -439.390637
 12.46666667 588.9459353 -435.9987772
 12.53333333 583.7602739 -433.3914586
 12.6 582.7297727 -433.5128075
 12.66666667 585.9166759 -433.6046624
 12.73333333 584.3570676000001 -433.4429551
 12.8 583.9576874000001 -431.5927982
 12.86666667 585.7670436 -429.5189378
 12.93333333 585.724821 -420.5587336
 13 577.9405508999999 -423.2493172
 13.06666667 577.5357119 -424.8172882
 13.13333333 573.9196161 -425.3450169
 13.2 573.2479059999999 -422.4916371
 13.26666667 571.4207004 -419.7614543
 13.33333333 570.9352705 -422.3640621
 13.4 573.0420061 -421.4243685
 13.46666667 573.5501179 -417.0798695
 13.53333333 570.6315359 -411.7016413
 13.6 567.2364782 -410.1718567
 13.66666667 563.2928848 -409.762889
 13.73333333 563.2611618 -406.851097
 13.8 559.7040424 -404.5010425
 13.86666667 557.1278804999999 -400.3093773
 13.93333333 557.3318993 -404.8511871
 14 558.302748 -404.5407004
 14.06666667 560.1819475 -401.8492474
 14.13333333 563.0341465 -397.6905175
 14.2 559.7968145 -393.3171618
 14.26666667 558.6419792 -391.7368247
 14.33333333 554.8203223 -385.3443491
 14.4 547.3271877 -382.8926001
 14.46666667 543.2112167 -381.6349245
 14.53333333 537.8272842 -376.0805923
 14.6 540.2437846 -371.403665
 14.66666667 537.7841587 -364.5239815
 14.73333333 534.3164967 -359.7678166
 14.8 534.2579903 -358.6313369
 14.86666667 532.3772713 -358.8160626
 14.93333333 529.1634754 -354.2548011
 15 526.474704 -351.5300148
 15.06666667 529.1262128 -351.503432
 15.13333333 527.6188176000001 -349.6615059
 15.2 528.4749452 -345.9857366
 15.26666667 529.4440796 -345.5135528
 15.33333333 527.5937574 -341.5500834
 15.4 529.7587461000001 -337.3760202
 15.46666667 531.5138775 -339.4849137
 15.53333333 529.7112188999999 -343.3302871
 15.6 531.1342089 -344.4720333
 15.66666667 527.4007455 -341.4571061
 15.73333333 527.6858361 -342.4658927
 15.8 527.2604722999999 -342.5463493
 15.86666667 525.7870577 -337.8276512
 15.93333333 523.7251525 -340.6465871
 16 519.2311977000001 -336.4336069
 16.06666667 513.190067 -328.190597
 16.13333333 507.2299536 -319.9407009
 16.2 505.5556603 -311.8687399
 16.26666667 503.8452085 -301.1656693
 16.33333333 505.4332647 -297.7336602
 16.4 503.6066619 -297.4263417
 16.46666667 497.7318861 -299.5037973
 16.53333333 495.3467286 -297.3982118
 16.6 490.1430583 -296.5002807
 16.66666667 490.9576283 -291.7915146
 16.73333333 488.4704193 -291.0310211
 16.8 488.41031 -291.1486793
 16.86666667 483.8222796 -285.6475529
 16.93333333 483.2665261 -279.8990126
 17 479.0227356 -276.819222
 17.06666667 477.8779769 -275.815625
 17.13333333 477.080548 -275.7505293
 17.2 475.8873671 -269.4313409
 17.26666667 477.0599227 -266.3621674
 17.33333333 473.7833719 -267.0433747
 17.4 473.5864028 -264.2774945
 17.46666667 469.8624732 -262.134887
 17.53333333 467.965136 -259.3331231
 17.6 462.6306914 -255.1209278
 17.66666667 464.1971205 -251.2973686
 17.73333333 464.2558282 -251.4439043
 17.8 466.193565 -252.0216395
 17.86666667 466.2049273 -247.4582749
 17.93333333 463.5756604 -240.5349247
 18 463.4193312 -241.7551053
 18.06666667 463.4030717 -245.5609875
 18.13333333 461.9259535 -245.0832899
 18.2 460.8970752 -240.7214034
 18.26666667 458.4003211 -237.3409939
 18.33333333 460.7215893 -233.0429583
 18.4 459.5695236 -228.6697004
 18.46666667 460.3908929 -223.2614404
 18.53333333 458.9794959 -217.5500346
 18.6 458.6136204 -217.702079
 18.66666667 457.4678776 -214.5180123
 18.73333333 458.8241929 -216.1749189
 18.8 459.527266 -215.5643206
 18.86666667 456.0880811 -213.7764034
 18.93333333 450.7917892 -208.2630156
 19 452.5098296 -203.9943012
 19.06666667 450.0579765 -199.5843328
 19.13333333 446.5109816 -199.091484
 19.2 440.8468545 -199.9854933
 19.26666667 438.7219592 -195.4633444
 19.33333333 436.2297952 -196.610973
 19.4 432.5487491 -195.1514743
 19.46666667 427.3684423 -195.3734188
 19.53333333 424.2820575 -192.8136254
 19.6 424.6103423 -191.4622211
 19.66666667 420.3417576 -187.4845356
 19.73333333 417.014697 -190.1417887
 19.8 416.2540484 -188.1427612
 19.86666667 418.4629356 -185.199222
 19.93333333 419.491098 -185.0350795
 20 418.0708506 -181.6089853
 20.06666667 417.7044469 -177.4499052
 20.13333333 417.887933 -170.9559334
 20.2 417.0652694 -169.4634803
 20.26666667 410.0521052 -155.9797781
 20.33333333 410.072748 -149.8131977
 20.4 407.1707797 -144.8411388
 20.46666667 406.7057727 -143.5603173
 20.53333333 405.1090879 -143.8390699
 20.6 404.1536809 -137.0386927
 20.66666667 403.6813344 -135.4128648
 20.73333333 406.4787054 -131.4021217
 20.8 408.6317198 -125.6395664
 20.86666667 406.8385257 -123.4706848
 20.93333333 402.5354289 -118.8926247
 21 402.1629902 -115.3183745
 21.06666667 398.6369604 -111.775142
 21.13333333 394.8352349 -110.1190289
 21.2 392.2454515 -107.2695906
 21.26666667 392.3592829 -106.393639
 21.33333333 388.8350534 -105.7563515
 21.4 382.982364 -105.27039
 21.46666667 382.8950816 -103.4039577
 21.53333333 382.3779766 -95.35192816999999
 21.6 378.9582326 -91.33665836999999
 21.66666667 378.8090347 -87.52674322
 21.73333333 372.0885214 -83.06892705
 21.8 366.9095539 -82.3736092
 21.86666667 367.3556507 -81.0218879
 21.93333333 364.6486714 -79.88233135999999
 22 362.517147 -79.53193936
 22.06666667 360.1732309 -73.77378707
 22.13333333 358.9842823 -71.70620608
 22.2 366.3826711 -70.10948126
 22.26666667 367.4255047 -67.19706780999999
 22.33333333 369.7781556 -65.98940182
 22.4 367.8375704 -65.51137327000001
 22.46666667 368.8557168 -59.16289926
 22.53333333 368.9819654 -62.67556567
 22.6 362.8596697 -65.24080949
 22.66666667 361.4721269 -67.42835267
 22.73333333 362.4071339 -67.79739183
 22.8 361.1170996 -64.07046896
 22.86666667 364.4742428 -61.74200639
 22.93333333 361.1704645 -60.32467065
 23 364.565481 -61.86510859
 23.06666667 359.419073 -64.15209231999999
 23.13333333 350.8671037 -63.02149287
 23.2 342.8914294 -59.39962702
 23.26666667 339.1338375 -61.24048714
 23.33333333 337.9189384 -59.64555307
 23.4 337.4781493 -55.31103
 23.46666667 333.8889634 -50.64407325
 23.53333333 331.1317153 -47.45702848
 23.6 329.0169907 -49.34843068
 23.66666667 329.480114 -49.68165926
 23.73333333 330.5399717 -47.28412732
 23.8 329.9577703 -47.23281484
