dataA=[0.000000000E0	-1.280000000E2	-4.693333333E2
9.982032342E-2	-1.279848186E2	-4.690959650E2
1.996406468E-1	-1.274088235E2	-4.675997806E2
2.994609703E-1	-1.269118674E2	-4.675990824E2
3.992812937E-1	-1.274902025E2	-4.685359701E2
4.991016171E-1	-1.262837005E2	-4.645115472E2
5.989219405E-1	-1.250824308E2	-4.576254193E2
6.987422639E-1	-1.200327817E2	-4.557383525E2
7.985625873E-1	-1.120876878E2	-4.521383194E2
8.983829108E-1	-1.120736767E2	-4.498512386E2
9.982032342E-1	-1.076548503E2	-4.486182682E2
1.098023558E0	-1.039336889E2	-4.469794621E2
1.197843881E0	-1.043162327E2	-4.465180931E2
1.297664204E0	-1.028212217E2	-4.463851253E2
1.397484528E0	-1.052572959E2	-4.464829774E2
1.497304851E0	-1.077453549E2	-4.441086100E2
1.597125175E0	-1.079537414E2	-4.485667385E2
1.696945498E0	-1.063880110E2	-4.504552421E2
1.796765822E0	-1.070964598E2	-4.484076428E2
1.896586145E0	-1.108149809E2	-4.505399324E2
1.996406468E0	-1.113109147E2	-4.525487950E2
2.096226792E0	-1.050695050E2	-4.542459078E2
2.196047115E0	-1.027703336E2	-4.612670630E2
2.295867439E0	-1.058716299E2	-4.625405091E2
2.395687762E0	-9.939512401E1	-4.662315800E2
2.495508085E0	-9.312406933E1	-4.610849712E2
2.595328409E0	-9.075267606E1	-4.553055463E2
2.695148732E0	-8.566589779E1	-4.552028841E2
2.794969056E0	-8.600962544E1	-4.510171793E2
2.894789379E0	-8.792811172E1	-4.540896165E2
2.994609703E0	-9.633393927E1	-4.492634008E2
3.094430026E0	-9.592727066E1	-4.409220905E2
3.194250349E0	-9.293464515E1	-4.399944039E2
3.294070673E0	-9.381965493E1	-4.365785224E2
3.393890996E0	-9.395503143E1	-4.337157405E2
3.493711320E0	-8.813931250E1	-4.311072321E2
3.593531643E0	-8.772738456E1	-4.262500651E2
3.693351966E0	-8.815859834E1	-4.194651469E2
3.793172290E0	-8.240683287E1	-4.143057604E2
3.892992613E0	-8.144983837E1	-4.112962748E2
3.992812937E0	-7.687888283E1	-4.108695192E2
4.092633260E0	-7.755481817E1	-4.130716698E2
4.192453584E0	-7.368070136E1	-4.111105434E2
4.292273907E0	-7.633018432E1	-4.116554895E2
4.392094230E0	-7.995764025E1	-4.130985618E2
4.491914554E0	-7.993209603E1	-4.091525834E2
4.591734877E0	-7.993653922E1	-4.078637064E2
4.691555201E0	-7.992594980E1	-4.092045576E2
4.791375524E0	-7.588657905E1	-4.096090656E2
4.891195847E0	-7.234057793E1	-4.134286378E2
4.991016171E0	-6.797729402E1	-4.134872607E2
5.090836494E0	-6.785710634E1	-4.133582564E2
5.190656818E0	-6.776270969E1	-4.149643700E2
5.290477141E0	-7.169949654E1	-4.073265793E2
5.390297465E0	-7.082784590E1	-3.994272537E2
5.490117788E0	-6.989931950E1	-3.993528603E2
5.589938111E0	-7.139705155E1	-3.962048057E2
5.689758435E0	-6.800596915E1	-3.919618492E2
5.789578758E0	-6.006012043E1	-3.913186466E2
5.889399082E0	-6.000744094E1	-3.913776415E2
5.989219405E0	-5.825544246E1	-3.915306558E2
6.089039728E0	-5.361442098E1	-3.954910766E2
6.188860052E0	-5.213288297E1	-3.971456943E2
6.288680375E0	-5.236286219E1	-3.953524016E2
6.388500699E0	-5.314753630E1	-3.957328542E2
6.488321022E0	-5.337230822E1	-3.896909255E2
6.588141346E0	-5.514888188E1	-3.872092325E2
6.687961669E0	-5.192543935E1	-3.876650456E2
6.787781992E0	-5.122282178E1	-3.873599641E2
6.887602316E0	-5.114941020E1	-3.833972651E2
6.987422639E0	-5.289885914E1	-3.777044408E2
7.087242963E0	-5.691143451E1	-3.778205110E2
7.187063286E0	-5.298549468E1	-3.811191432E2
7.286883610E0	-5.119496657E1	-3.832022315E2
7.386703933E0	-5.298965279E1	-3.828701496E2
7.486524256E0	-5.313540865E1	-3.782401767E2
7.586344580E0	-5.677172370E1	-3.734618785E2
7.686164903E0	-5.312722689E1	-3.729227760E2
7.785985227E0	-5.084780635E1	-3.713788749E2
7.885805550E0	-5.084077284E1	-3.717271329E2
7.985625873E0	-5.103061809E1	-3.738270886E2
8.085446197E0	-5.081790830E1	-3.787801103E2
8.185266520E0	-4.730368175E1	-3.836847565E2
8.285086844E0	-4.740805514E1	-3.768604147E2
8.384907167E0	-4.686270403E1	-3.708023687E2
8.484727491E0	-4.888272327E1	-3.663313621E2
8.584547814E0	-4.920097509E1	-3.685262211E2
8.684368137E0	-4.483650106E1	-3.689507493E2
8.784188461E0	-4.297118715E1	-3.683190345E2
8.884008784E0	-4.013863478E1	-3.665770058E2
8.983829108E0	-3.912114895E1	-3.650896441E2
9.083649431E0	-3.988654823E1	-3.664192426E2
9.183469754E0	-4.189971656E1	-3.671802524E2
9.283290078E0	-4.302755696E1	-3.662118727E2
9.383110401E0	-3.854117709E1	-3.629327972E2
9.482930725E0	-4.209360730E1	-3.662517145E2
9.582751048E0	-4.437168567E1	-3.604094771E2
9.682571372E0	-4.094667662E1	-3.607150209E2
9.782391695E0	-4.072634542E1	-3.603761527E2
9.882212018E0	-4.193373971E1	-3.597532366E2
9.982032342E0	-4.100184090E1	-3.546516231E2
1.008185267E1	-4.103869624E1	-3.504897115E2
1.018167299E1	-4.108396392E1	-3.531951649E2
1.028149331E1	-4.094152541E1	-3.519361837E2
1.038131364E1	-3.889368601E1	-3.482846025E2
1.048113396E1	-3.979311216E1	-3.495932468E2
1.058095428E1	-4.159015541E1	-3.458992252E2
1.068077461E1	-4.061858869E1	-3.373464777E2
1.078059493E1	-4.301164618E1	-3.351772122E2
1.088041525E1	-3.763912979E1	-3.290944796E2
1.098023558E1	-3.932337075E1	-3.276205548E2
1.108005590E1	-4.350500386E1	-3.269040981E2
1.117987622E1	-4.207893932E1	-3.229207874E2
1.127969655E1	-4.336864520E1	-3.235951841E2
1.137951687E1	-4.404649857E1	-3.253764473E2
1.147933719E1	-3.861805316E1	-3.231472359E2
1.157915752E1	-3.333617156E1	-3.194344049E2
1.167897784E1	-3.439371611E1	-3.188278508E2
1.177879816E1	-3.677093056E1	-3.212614027E2
1.187861849E1	-3.439337643E1	-3.184077800E2
1.197843881E1	-3.311569437E1	-3.198116966E2
1.207825913E1	-3.542606888E1	-3.178294422E2
1.217807946E1	-3.511788052E1	-3.160530987E2
1.227789978E1	-3.031891298E1	-3.096426096E2
1.237772010E1	-3.128175192E1	-3.088013992E2
1.247754043E1	-3.526208594E1	-3.087218735E2
1.257736075E1	-3.501517303E1	-3.026770055E2
1.267718107E1	-3.881795289E1	-2.964840914E2
1.277700140E1	-3.738250201E1	-2.946959259E2
1.287682172E1	-3.716953804E1	-2.887865332E2
1.297664204E1	-3.489874025E1	-2.889511630E2
1.307646237E1	-3.287710289E1	-2.843708988E2
1.317628269E1	-3.294779593E1	-2.814863333E2
1.327610301E1	-3.568028411E1	-2.841773639E2
1.337592334E1	-3.736036571E1	-2.848076588E2
1.347574366E1	-4.681184761E1	-2.783397160E2
1.357556398E1	-4.725139550E1	-2.787374206E2
1.367538431E1	-4.581061314E1	-2.762646524E2
1.377520463E1	-4.699389459E1	-2.739814962E2
1.387502496E1	-4.653739802E1	-2.702402016E2
1.397484528E1	-4.442852114E1	-2.725711839E2
1.407466560E1	-4.036129354E1	-2.743008015E2
1.417448593E1	-3.704993765E1	-2.783835551E2
1.427430625E1	-3.308111450E1	-2.804393458E2
1.437412657E1	-3.374316909E1	-2.760500832E2
1.447394690E1	-2.635260034E1	-2.783762184E2
1.457376722E1	-2.704030048E1	-2.784989951E2
1.467358754E1	-2.697495807E1	-2.784223332E2];

